149
192
558
1292
1360
1603
1613
1839
10194
22496
100684
100698
100706
100793
100815
100833
100834
100932
101054
106738
106834
106835
106889
106903
107054
107160
107239
110835
110956
111281
116999
117195
117225
123083
123084
123106
123276
123349
123574
123613
123803
123813
123867
123920
124201
124277
124319
125027
125131
125166
125537
125598
126440
126445
126736
126964
127137
127147
127160
130762
131038
131495
131774
132046
132324
132575
133621
134194
135144
138018
138899
140029
140033
140539
140710
140712
140855
146142
146524
148427
150687
151541
156114
170654
178639
235385
274877
283798
410804
416481
589151
